[hero-bg.jpg]
filters=dir_tint=1,0.480164,1.023684,0.549708,0.842105,ffffffff,0;
moddate=000064cf25d30000
width=1300
height=675
textactive=0
